9 0.125 0.24390243902439024 0.037109375 0.3597560975609756
9 0.162109375 0.16463414634146342 0.03564453125 0.31097560975609756
6 0.703857421875 0.25 0.03662109375 0.5
6 0.73974609375 0.25609756097560976 0.0361328125 0.5
6 0.775634765625 0.25 0.03662109375 0.5
6 0.8115234375 0.25 0.03515625 0.5
7 0.84716796875 0.25 0.03515625 0.49390243902439024
7 0.88330078125 0.25 0.03515625 0.49390243902439024
8 0.92578125 0.3353658536585366 0.0478515625 0.3170731707317073
8 0.974609375 0.3353658536585366 0.04736328125 0.3170731707317073
10 0.07421875 0.8170731707317073 0.02685546875 0.29878048780487804
10 0.10302734375 0.823170731707317 0.0302734375 0.32926829268292684
10 0.13330078125 0.8170731707317073 0.02978515625 0.3353658536585366
10 0.16259765625 0.823170731707317 0.0302734375 0.32926829268292684
10 0.19189453125 0.823170731707317 0.02978515625 0.32926829268292684
10 0.2216796875 0.823170731707317 0.02978515625 0.32926829268292684
4 0.24462890625 0.18292682926829268 0.04150390625 0.36585365853658536
2 0.1884765625 0.18292682926829268 0.01611328125 0.36585365853658536
3 0.2099609375 0.18292682926829268 0.0283203125 0.36585365853658536
0 0.276123046875 0.2621951219512195 0.02099609375 0.524390243902439
1 0.30712890625 0.2621951219512195 0.04150390625 0.524390243902439
5 0.3583984375 0.2621951219512195 0.0625 0.524390243902439
6 0.048828125 0.27439024390243905 0.04150390625 0.5304878048780488